MY_ACCOUNT_ID=0.0.4594143
MY_PRIVATE_KEY=3030020100300706052b8104000a042204202a08415be38d3d7c168c308763c3a966226f9ea4498b5293b621af62b36e7549


SECOND_ACCOUNT_ID=  0.0.4577222
SECOND_PRIVATE_KEY=3030020100300706052b8104000a04220420325a7b17651af0f9385e68ccaee5866dc5998fc2124f1df98e7ba71556d3c3ab
THIRD_ACCOUNT_ID = 0.0.4599289
THIRD_PRIVATE_KEY =  3030020100300706052b8104000a042204208c37eb2c35df15510e036fcd1111985843c2fb716076f2641e890bb38cb1033a